10
1 (.......)
4 A 5 G 6 C
1 0 0 0 0 0 0 0 0 0 
1 (...........(
6 C 7 C 8 G
0 1 0 0 0 0 0 0 0 0 
1 )...........)
6 C 7 C 8 G
0 1 0 0 0 0 0 0 0 0 
1 (.....(
3 G 4 C 5 G
0 0 1 0 0 0 0 0 0 0 
1 ).....)
3 G 4 C 5 G
0 0 1 0 0 0 0 0 0 0 
1 (...............(
8 C 9 C 10 C
0 0 0 1 0 0 0 0 0 0 
1 )...............)
8 C 9 C 10 C
0 0 0 1 0 0 0 0 0 0 
1 (...............)
8 U 9 G 10 U
0 0 0 0 1 0 0 0 0 0 
1 (.............(
7 C 8 U 9 G
0 0 0 0 0 1 0 0 0 0 
1 ).............)
7 C 8 U 9 G
0 0 0 0 0 1 0 0 0 0 
1 (.........)
5 C 6 U 7 U
0 0 0 0 0 0 1 0 0 0 
1 (.................)
9 U 10 A 11 A
0 0 0 0 0 0 0 1 0 0 
1 (.........(
5 C 6 U 7 C
0 0 0 0 0 0 0 0 1 0 
1 ).........)
5 C 6 U 7 C
0 0 0 0 0 0 0 0 1 0 
1 (.............)
7 A 8 U 9 G
0 0 0 0 0 0 0 0 0 1 
